2.788948987251e-02,  8.374616477704e-09   [0 0 0 0 0 0]
6.971203468743e-02,  6.212574567730e-09   [0 0 0 0 0 1]
2.024071525839e-01,  2.750016343206e-09   [0 0 0 0 0 2]
8.727033700014e-03,  1.374449646271e-08   [0 0 0 0 1 0]
2.134361291529e-02,  3.504500559540e-10   [0 0 0 0 1 1]
2.921666495443e-02,  4.043610097027e-09   [0 0 0 0 2 0]
3.185957751329e-02,  3.706860736004e-10   [0 0 0 1 0 0]
8.105746642202e-02,  2.265042302199e-09   [0 0 0 1 0 1]
9.596523510045e-03,  3.731274700036e-10   [0 0 0 1 1 0]
6.388444040338e-02,  1.716602242775e-09   [0 0 0 2 0 0]
-9.204700718547e-02,  1.056446395812e-08   [0 0 1 0 0 0]
-2.019226499202e-01,  5.662822117936e-09   [0 0 1 0 0 1]
-5.276399683274e-01,  6.775327430487e-09   [0 0 1 0 0 2]
-2.927318225377e-02,  7.396187987995e-09   [0 0 1 0 1 0]
-6.299787002318e-02,  1.074876813945e-08   [0 0 1 0 1 1]
-9.718105595370e-02,  1.182633823067e-08   [0 0 1 0 2 0]
-1.037280861539e-01,  1.427641424523e-08   [0 0 1 1 0 0]
-2.312309453843e-01,  5.126508689732e-10   [0 0 1 1 0 1]
-3.202910466576e-02,  7.225126802402e-09   [0 0 1 1 1 0]
-2.073449397904e-01,  1.357125088995e-08   [0 0 1 2 0 0]
3.319499900436e-01,  5.797379515034e-09   [0 0 2 0 0 0]
6.435114042344e-01,  2.592393779521e-09   [0 0 2 0 0 1]
1.536931448007e+00,  8.765126731168e-09   [0 0 2 0 0 2]
1.067865861209e-01,  6.884270999522e-09   [0 0 2 0 1 0]
2.033153544029e-01,  1.883406932623e-09   [0 0 2 0 1 1]
3.524622701603e-01,  1.391673881874e-09   [0 0 2 0 2 0]
3.703919381580e-01,  1.193526468292e-09   [0 0 2 1 0 0]
7.292169308884e-01,  5.865325292739e-09   [0 0 2 1 0 1]
1.162963233448e-01,  8.587646355971e-10   [0 0 2 1 1 0]
7.390872806284e-01,  3.086005470421e-09   [0 0 2 2 0 0]
-1.637350724302e-02,  1.233754009936e-08   [0 1 0 0 0 0]
-4.139721853567e-02,  1.285063887374e-09   [0 1 0 0 0 1]
-1.213713540367e-01,  4.633881138947e-09   [0 1 0 0 0 2]
2.136233458775e-02,  4.214570160166e-09   [0 1 0 0 1 0]
5.306634838230e-02,  4.122993912172e-10   [0 1 0 0 1 1]
-1.697963144320e-04,  5.016776208121e-09   [0 1 0 0 2 0]
-1.907709578263e-02,  4.440913403524e-09   [0 1 0 1 0 0]
-4.932098923684e-02,  4.242795851570e-09   [0 1 0 1 0 1]
2.414126847830e-02,  2.711156430050e-10   [0 1 0 1 1 0]
-3.842342257899e-02,  3.298524728859e-09   [0 1 0 2 0 0]
5.356912442721e-02,  1.223040948061e-08   [0 1 1 0 0 0]
1.187325132374e-01,  1.211384702719e-08   [0 1 1 0 0 1]
3.128036711345e-01,  4.159435451797e-09   [0 1 1 0 0 2]
-7.083519267815e-02,  7.397100353623e-09   [0 1 1 0 1 0]
-1.544897767601e-01,  1.447913289265e-08   [0 1 1 0 1 1]
-3.894393296797e-04,  5.677879866736e-09   [0 1 1 0 2 0]
6.132616876012e-02,  1.230020771586e-08   [0 1 1 1 0 0]
1.386353605834e-01,  7.776728712668e-09   [0 1 1 1 0 1]
-7.911527548440e-02,  9.857952898429e-09   [0 1 1 1 1 0]
1.229240947242e-01,  6.139049129552e-10   [0 1 1 2 0 0]
3.609849112824e-02,  1.462132723708e-08   [0 2 0 0 0 0]
9.032384498820e-02,  1.159551725564e-09   [0 2 0 0 0 1]
2.625292648498e-01,  6.838915915380e-09   [0 2 0 0 0 2]
-1.939589748931e-02,  6.731164932724e-09   [0 2 0 0 1 0]
-4.913397190183e-02,  6.833183485684e-10   [0 2 0 0 1 1]
6.878262296370e-02,  7.270359834504e-09   [0 2 0 0 2 0]
4.131065513841e-02,  8.689441241757e-10   [0 2 0 1 0 0]
1.052929737663e-01,  5.218780652378e-09   [0 2 0 1 0 1]
-2.267402937768e-02,  1.008134422313e-09   [0 2 0 1 1 0]
8.289710831960e-02,  4.055547935088e-09   [0 2 0 2 0 0]
-3.786414780578e-02,  9.331451429581e-09   [1 0 0 0 0 0]
-9.322262110550e-02,  4.436620302684e-09   [1 0 0 0 0 1]
-2.671155215998e-01,  3.292256221271e-09   [1 0 0 0 0 2]
-1.222106053447e-02,  4.362528963323e-09   [1 0 0 0 1 0]
-2.972830178046e-02,  3.602467897079e-10   [1 0 0 0 1 1]
-4.026352276293e-02,  1.011211453905e-08   [1 0 0 0 2 0]
-1.576450345257e-02,  8.239524093289e-09   [1 0 0 1 0 0]
-3.945885129414e-02,  4.226253457654e-09   [1 0 0 1 0 1]
-4.918734877201e-03,  4.472975242563e-10   [1 0 0 1 1 0]
-2.459437143524e-02,  4.984480552326e-09   [1 0 0 2 0 0]
1.263894353489e-01,  1.149040980217e-08   [1 0 1 0 0 0]
2.735756798558e-01,  6.781802227377e-09   [1 0 1 0 0 1]
7.071773603054e-01,  1.005286789281e-08   [1 0 1 0 0 2]
4.115384967585e-02,  7.300206213178e-09   [1 0 1 0 1 0]
8.802219023191e-02,  1.458539988786e-08   [1 0 1 0 1 1]
1.350111738398e-01,  9.962465440543e-09   [1 0 1 0 2 0]
5.197526800952e-02,  1.357225333034e-08   [1 0 1 1 0 0]
1.145639876363e-01,  7.008574087967e-10   [1 0 1 1 0 1]
1.638641395940e-02,  9.408225823404e-09   [1 0 1 1 1 0]
8.278875254192e-02,  9.535560842959e-10   [1 0 1 2 0 0]
2.185667243163e-02,  1.489569064929e-08   [1 1 0 0 0 0]
5.417205698627e-02,  1.241319277014e-09   [1 1 0 0 0 1]
1.560020091608e-01,  7.249889991696e-09   [1 1 0 0 0 2]
-2.926456829930e-02,  4.646895877654e-09   [1 1 0 0 1 0]
-7.176178735649e-02,  3.958658888030e-10   [1 1 0 0 1 1]
-5.223967979758e-04,  7.598764508214e-09   [1 1 0 0 2 0]
9.269318129877e-03,  2.159277151991e-09   [1 1 0 1 0 0]
2.337071697343e-02,  9.133799797256e-09   [1 1 0 1 0 1]
-1.203714316117e-02,  4.930666719068e-10   [1 1 0 1 1 0]
1.401501778682e-02,  1.438812092406e-08   [1 1 0 2 0 0]
7.889586550718e-02,  4.355351491906e-09   [2 0 0 0 0 0]
1.935977010010e-01,  6.613587841553e-10   [2 0 0 0 0 1]
5.534914541236e-01,  4.044363470394e-09   [2 0 0 0 0 2]
2.563391673303e-02,  3.567641928605e-09   [2 0 0 0 1 0]
6.217850538435e-02,  1.464921435711e-08   [2 0 0 0 1 1]
8.419480232293e-02,  3.438900495046e-09   [2 0 0 0 2 0]
1.481688684288e-02,  6.755771237510e-10   [2 0 0 1 0 0]
3.878852644576e-02,  3.976074479157e-09   [2 0 0 1 0 1]
4.176920693786e-03,  6.028845531431e-10   [2 0 0 1 1 0]
6.422210627967e-02,  2.546905211690e-09   [2 0 0 2 0 0]